   0.0000000e+00	   1.1102230e-16	   1.4142136e+00	   1.1102230e-16	   1.4142136e+00	   4.5000000e+01	   9.0000000e+01	  -0.0000000e+00	  -0.0000000e+00	
   2.0000000e-02	  -2.9800000e-04	   1.4137921e+00	  -2.9800000e-04	   1.4137921e+00	   4.4995007e+01	   9.0034141e+01	   0.0000000e+00	  -0.0000000e+00	
   4.0000000e-02	  -1.1840000e-03	   1.4125391e+00	  -1.1840000e-03	   1.4125391e+00	   4.4980248e+01	   9.0135556e+01	   0.0000000e+00	  -0.0000000e+00	
   6.0000000e-02	  -2.6460000e-03	   1.4104716e+00	  -2.6460000e-03	   1.4104716e+00	   4.4956180e+01	   9.0302609e+01	   0.0000000e+00	  -0.0000000e+00	
   8.0000000e-02	  -4.6720000e-03	   1.4076064e+00	  -4.6720000e-03	   1.4076064e+00	   4.4923419e+01	   9.0533504e+01	   0.0000000e+00	  -0.0000000e+00	
   1.0000000e-01	  -7.2500000e-03	   1.4039605e+00	  -7.2500000e-03	   1.4039605e+00	   4.4882721e+01	   9.0826300e+01	   0.0000000e+00	  -0.0000000e+00	
   1.2000000e-01	  -1.0368000e-02	   1.3995510e+00	  -1.0368000e-02	   1.3995510e+00	   4.4834980e+01	   9.1178930e+01	   0.0000000e+00	  -0.0000000e+00	
   1.4000000e-01	  -1.4014000e-02	   1.3943948e+00	  -1.4014000e-02	   1.3943948e+00	   4.4781211e+01	   9.1589211e+01	   0.0000000e+00	  -0.0000000e+00	
   1.6000000e-01	  -1.8176000e-02	   1.3885088e+00	  -1.8176000e-02	   1.3885088e+00	   4.4722544e+01	   9.2054864e+01	   0.0000000e+00	  -0.0000000e+00	
   1.8000000e-01	  -2.2842000e-02	   1.3819101e+00	  -2.2842000e-02	   1.3819101e+00	   4.4660211e+01	   9.2573524e+01	   0.0000000e+00	  -0.0000000e+00	
   2.0000000e-01	  -2.8000000e-02	   1.3746156e+00	  -2.8000000e-02	   1.3746156e+00	   4.4595536e+01	   9.3142760e+01	   0.0000000e+00	  -0.0000000e+00	
   2.2000000e-01	  -3.3638000e-02	   1.3666422e+00	  -3.3638000e-02	   1.3666422e+00	   4.4529930e+01	   9.3760083e+01	   0.0000000e+00	  -0.0000000e+00	
   2.4000000e-01	  -3.9744000e-02	   1.3580071e+00	  -3.9744000e-02	   1.3580071e+00	   4.4464882e+01	   9.4422963e+01	   0.0000000e+00	  -0.0000000e+00	
   2.6000000e-01	  -4.6306000e-02	   1.3487270e+00	  -4.6306000e-02	   1.3487270e+00	   4.4401951e+01	   9.5128839e+01	   0.0000000e+00	  -0.0000000e+00	
   2.8000000e-01	  -5.3312000e-02	   1.3388190e+00	  -5.3312000e-02	   1.3388190e+00	   4.4342758e+01	   9.5875129e+01	   0.0000000e+00	  -0.0000000e+00	
   3.0000000e-01	  -6.0750000e-02	   1.3283001e+00	  -6.0750000e-02	   1.3283001e+00	   4.4288987e+01	   9.6659239e+01	   0.0000000e+00	  -0.0000000e+00	
   3.2000000e-01	  -6.8608000e-02	   1.3171872e+00	  -6.8608000e-02	   1.3171872e+00	   4.4242370e+01	   9.7478573e+01	   0.0000000e+00	  -0.0000000e+00	
   3.4000000e-01	  -7.6874000e-02	   1.3054973e+00	  -7.6874000e-02	   1.3054973e+00	   4.4204692e+01	   9.8330538e+01	   0.0000000e+00	  -0.0000000e+00	
   3.6000000e-01	  -8.5536000e-02	   1.2932474e+00	  -8.5536000e-02	   1.2932474e+00	   4.4177784e+01	   9.9212549e+01	   0.0000000e+00	  -0.0000000e+00	
   3.8000000e-01	  -9.4582000e-02	   1.2804544e+00	  -9.4582000e-02	   1.2804544e+00	   4.4163517e+01	   1.0012204e+02	   0.0000000e+00	  -0.0000000e+00	
   4.0000000e-01	  -1.0400000e-01	   1.2671354e+00	  -1.0400000e-01	   1.2671354e+00	   4.4163804e+01	   1.0105645e+02	   0.0000000e+00	  -0.0000000e+00	
   4.2000000e-01	  -1.1377800e-01	   1.2533072e+00	  -1.1377800e-01	   1.2533072e+00	   4.4180595e+01	   1.0201325e+02	   0.0000000e+00	  -0.0000000e+00	
   4.4000000e-01	  -1.2390400e-01	   1.2389868e+00	  -1.2390400e-01	   1.2389868e+00	   4.4215875e+01	   1.0298992e+02	   0.0000000e+00	  -0.0000000e+00	
   4.6000000e-01	  -1.3436600e-01	   1.2241913e+00	  -1.3436600e-01	   1.2241913e+00	   4.4271662e+01	   1.0398398e+02	   0.0000000e+00	  -0.0000000e+00	
   4.8000000e-01	  -1.4515200e-01	   1.2089376e+00	  -1.4515200e-01	   1.2089376e+00	   4.4350007e+01	   1.0499296e+02	   0.0000000e+00	  -0.0000000e+00	
   5.0000000e-01	  -1.5625000e-01	   1.1932427e+00	  -1.5625000e-01	   1.1932427e+00	   4.4452991e+01	   1.0601440e+02	   0.0000000e+00	  -0.0000000e+00	
   5.2000000e-01	  -1.6764800e-01	   1.1771235e+00	  -1.6764800e-01	   1.1771235e+00	   4.4582719e+01	   1.0704587e+02	   0.0000000e+00	  -0.0000000e+00	
   5.4000000e-01	  -1.7933400e-01	   1.1605970e+00	  -1.7933400e-01	   1.1605970e+00	   4.4741323e+01	   1.0808496e+02	   0.0000000e+00	  -0.0000000e+00	
   5.6000000e-01	  -1.9129600e-01	   1.1436802e+00	  -1.9129600e-01	   1.1436802e+00	   4.4930953e+01	   1.0912928e+02	   0.0000000e+00	  -0.0000000e+00	
   5.8000000e-01	  -2.0352200e-01	   1.1263900e+00	  -2.0352200e-01	   1.1263900e+00	   4.5153778e+01	   1.1017644e+02	   0.0000000e+00	  -0.0000000e+00	
   6.0000000e-01	  -2.1600000e-01	   1.1087434e+00	  -2.1600000e-01	   1.1087434e+00	   4.5411976e+01	   1.1122406e+02	   0.0000000e+00	  -0.0000000e+00	
   6.2000000e-01	  -2.2871800e-01	   1.0907575e+00	  -2.2871800e-01	   1.0907575e+00	   4.5707729e+01	   1.1226978e+02	   0.0000000e+00	  -0.0000000e+00	
   6.4000000e-01	  -2.4166400e-01	   1.0724491e+00	  -2.4166400e-01	   1.0724491e+00	   4.6043216e+01	   1.1331125e+02	   0.0000000e+00	  -0.0000000e+00	
   6.6000000e-01	  -2.5482600e-01	   1.0538352e+00	  -2.5482600e-01	   1.0538352e+00	   4.6420603e+01	   1.1434610e+02	   0.0000000e+00	  -0.0000000e+00	
   6.8000000e-01	  -2.6819200e-01	   1.0349328e+00	  -2.6819200e-01	   1.0349328e+00	   4.6842029e+01	   1.1537200e+02	   0.0000000e+00	  -0.0000000e+00	
   7.0000000e-01	  -2.8175000e-01	   1.0157589e+00	  -2.8175000e-01	   1.0157589e+00	   4.7309596e+01	   1.1638658e+02	   0.0000000e+00	  -0.0000000e+00	
   7.2000000e-01	  -2.9548800e-01	   9.9633043e-01	  -2.9548800e-01	   9.9633043e-01	   4.7825353e+01	   1.1738751e+02	   0.0000000e+00	  -0.0000000e+00	
   7.4000000e-01	  -3.0939400e-01	   9.7666437e-01	  -3.0939400e-01	   9.7666437e-01	   4.8391274e+01	   1.1837244e+02	   0.0000000e+00	  -0.0000000e+00	
   7.6000000e-01	  -3.2345600e-01	   9.5677770e-01	  -3.2345600e-01	   9.5677770e-01	   4.9009241e+01	   1.1933903e+02	   0.0000000e+00	  -0.0000000e+00	
   7.8000000e-01	  -3.3766200e-01	   9.3668738e-01	  -3.3766200e-01	   9.3668738e-01	   4.9681020e+01	   1.2028493e+02	   0.0000000e+00	  -0.0000000e+00	
   8.0000000e-01	  -3.5200000e-01	   9.1641039e-01	  -3.5200000e-01	   9.1641039e-01	   5.0408233e+01	   1.2120784e+02	   0.0000000e+00	  -0.0000000e+00	
   8.2000000e-01	  -3.6645800e-01	   8.9596369e-01	  -3.6645800e-01	   8.9596369e-01	   5.1192333e+01	   1.2210543e+02	   0.0000000e+00	  -0.0000000e+00	
   8.4000000e-01	  -3.8102400e-01	   8.7536425e-01	  -3.8102400e-01	   8.7536425e-01	   5.2034573e+01	   1.2297541e+02	   0.0000000e+00	  -0.0000000e+00	
   8.6000000e-01	  -3.9568600e-01	   8.5462905e-01	  -3.9568600e-01	   8.5462905e-01	   5.2935969e+01	   1.2381553e+02	   0.0000000e+00	  -0.0000000e+00	
   8.8000000e-01	  -4.1043200e-01	   8.3377506e-01	  -4.1043200e-01	   8.3377506e-01	   5.3897275e+01	   1.2462357e+02	   0.0000000e+00	  -0.0000000e+00	
   9.0000000e-01	  -4.2525000e-01	   8.1281924e-01	  -4.2525000e-01	   8.1281924e-01	   5.4918940e+01	   1.2539736e+02	   0.0000000e+00	  -0.0000000e+00	
   9.2000000e-01	  -4.4012800e-01	   7.9177858e-01	  -4.4012800e-01	   7.9177858e-01	   5.6001082e+01	   1.2613480e+02	   0.0000000e+00	  -0.0000000e+00	
   9.4000000e-01	  -4.5505400e-01	   7.7067002e-01	  -4.5505400e-01	   7.7067002e-01	   5.7143449e+01	   1.2683387e+02	   0.0000000e+00	  -0.0000000e+00	
   9.6000000e-01	  -4.7001600e-01	   7.4951056e-01	  -4.7001600e-01	   7.4951056e-01	   5.8345394e+01	   1.2749263e+02	   0.0000000e+00	  -0.0000000e+00	
   9.8000000e-01	  -4.8500200e-01	   7.2831716e-01	  -4.8500200e-01	   7.2831716e-01	   5.9605847e+01	   1.2810930e+02	   0.0000000e+00	  -0.0000000e+00	
   1.0000000e+00	  -5.0000000e-01	   7.0710678e-01	  -5.0000000e-01	   7.0710678e-01	   6.0923296e+01	   1.2868219e+02	   7.5000235e+01	  -1.6090624e-15	
   1.0200000e+00	  -4.9871641e-01	   6.8589641e-01	  -5.1499800e-01	   6.8589641e-01	   6.1109612e+01	   1.2982270e+02	   0.0000000e+00	  -0.0000000e+00	
   1.0400000e+00	  -4.9826047e-01	   6.6470300e-01	  -5.2998400e-01	   6.6470300e-01	   6.1397127e+01	   1.3091610e+02	   0.0000000e+00	  -0.0000000e+00	
   1.0600000e+00	  -4.9933846e-01	   6.4354354e-01	  -5.4494600e-01	   6.4354354e-01	   6.1842293e+01	   1.3193264e+02	   0.0000000e+00	  -0.0000000e+00	
   1.0800000e+00	  -5.0010018e-01	   6.2243499e-01	  -5.5987200e-01	   6.2243499e-01	   6.2310203e+01	   1.3294040e+02	   1.0011336e+02	   3.0206883e-15	
   1.1000000e+00	  -5.0008388e-01	   6.0139432e-01	  -5.7475000e-01	   6.0139432e-01	   6.2766317e+01	   1.3395717e+02	   8.3805785e+01	  -0.0000000e+00	
   1.1200000e+00	  -5.0007048e-01	   5.8043850e-01	  -5.8956800e-01	   5.8043850e-01	   6.3270340e+01	   1.3495169e+02	   7.0424156e+01	  -0.0000000e+00	
   1.1400000e+00	  -5.0005952e-01	   5.5958451e-01	  -6.0431400e-01	   5.5958451e-01	   6.3823430e+01	   1.3592277e+02	   5.9468133e+01	  -2.8579147e-15	
   1.1600000e+00	  -5.0005054e-01	   5.3884931e-01	  -6.1897600e-01	   5.3884931e-01	   6.4426601e+01	   1.3686925e+02	   5.0498025e+01	  -0.0000000e+00	
   1.1800000e+00	  -5.0004319e-01	   5.1824987e-01	  -6.3354200e-01	   5.1824987e-01	   6.5080700e+01	   1.3778997e+02	   4.3153859e+01	  -0.0000000e+00	
   1.2000000e+00	  -5.0003717e-01	   4.9780317e-01	  -6.4800000e-01	   4.9780317e-01	   6.5786379e+01	   1.3868379e+02	   3.7140896e+01	  -7.1054274e-15	
   1.2200000e+00	  -5.0003224e-01	   4.7752618e-01	  -6.6233800e-01	   4.7752618e-01	   6.6544056e+01	   1.3954963e+02	   3.2217834e+01	   3.5527137e-15	
   1.2400000e+00	  -5.0002821e-01	   4.5743586e-01	  -6.7654400e-01	   4.5743586e-01	   6.7353888e+01	   1.4038642e+02	   2.8187112e+01	   3.5527137e-15	
   1.2600000e+00	  -5.0002490e-01	   4.3754919e-01	  -6.9060600e-01	   4.3754919e-01	   6.8215728e+01	   1.4119314e+02	   2.4886975e+01	   0.0000000e+00	
   1.2800000e+00	  -5.0002220e-01	   4.1788314e-01	  -7.0451200e-01	   4.1788314e-01	   6.9129095e+01	   1.4196883e+02	   2.2184994e+01	  -3.5527137e-15	
   1.3000000e+00	  -5.0001998e-01	   3.9845467e-01	  -7.1825000e-01	   3.9845467e-01	   7.0093137e+01	   1.4271262e+02	   1.9972737e+01	   1.7763568e-15	
   1.3200000e+00	  -5.0001817e-01	   3.7928076e-01	  -7.3180800e-01	   3.7928076e-01	   7.1106601e+01	   1.4342369e+02	   1.8161438e+01	   1.7763568e-15	
   1.3400000e+00	  -5.0001669e-01	   3.6037838e-01	  -7.4517400e-01	   3.6037839e-01	   7.2167803e+01	   1.4410134e+02	   1.6678415e+01	   0.0000000e+00	
   1.3600000e+00	  -5.0001547e-01	   3.4176451e-01	  -7.5833600e-01	   3.4176451e-01	   7.3274607e+01	   1.4474496e+02	   1.5464161e+01	   0.0000000e+00	
   1.3800000e+00	  -5.0001447e-01	   3.2345610e-01	  -7.7128200e-01	   3.2345610e-01	   7.4424404e+01	   1.4535406e+02	   1.4469962e+01	   0.0000000e+00	
   1.4000000e+00	  -5.0001366e-01	   3.0547013e-01	  -7.8400000e-01	   3.0547013e-01	   7.5614108e+01	   1.4592830e+02	   1.3655919e+01	  -1.7763568e-15	
   1.4200000e+00	  -5.0001299e-01	   2.8782357e-01	  -7.9647800e-01	   2.8782357e-01	   7.6840150e+01	   1.4646747e+02	   1.2989385e+01	  -1.7763568e-15	
   1.4400000e+00	  -5.0001245e-01	   2.7053340e-01	  -8.0870400e-01	   2.7053340e-01	   7.8098495e+01	   1.4697151e+02	   1.2443617e+01	   8.8817842e-16	
   1.4600000e+00	  -5.0001200e-01	   2.5361657e-01	  -8.2066600e-01	   2.5361657e-01	   7.9384655e+01	   1.4744053e+02	   1.1996724e+01	   0.0000000e+00	
   1.4800000e+00	  -5.0001163e-01	   2.3709008e-01	  -8.3235200e-01	   2.3709008e-01	   8.0693725e+01	   1.4787482e+02	   1.1630783e+01	   0.0000000e+00	
   1.5000000e+00	  -5.0001133e-01	   2.2097087e-01	  -8.4375000e-01	   2.2097087e-01	   8.2020425e+01	   1.4827484e+02	   1.1331123e+01	   8.8817842e-16	
   1.5200000e+00	  -5.0001109e-01	   2.0527593e-01	  -8.5484800e-01	   2.0527593e-01	   8.3359147e+01	   1.4864121e+02	   1.1085725e+01	   8.8817842e-16	
   1.5400000e+00	  -5.0001089e-01	   1.9002222e-01	  -8.6563400e-01	   1.9002222e-01	   8.4704018e+01	   1.4897476e+02	   1.0884761e+01	   0.0000000e+00	
   1.5600000e+00	  -5.0001072e-01	   1.7522672e-01	  -8.7609600e-01	   1.7522672e-01	   8.6048966e+01	   1.4927646e+02	   1.0720164e+01	   0.0000000e+00	
   1.5800000e+00	  -5.0001059e-01	   1.6090639e-01	  -8.8622200e-01	   1.6090639e-01	   8.7387785e+01	   1.4954746e+02	   1.0585356e+01	   4.4408921e-16	
   1.6000000e+00	  -5.0001048e-01	   1.4707821e-01	  -8.9600000e-01	   1.4707821e-01	   8.8714209e+01	   1.4978906e+02	   1.0474929e+01	   4.4408921e-16	
   1.6200000e+00	  -5.0001038e-01	   1.3375915e-01	  -9.0541800e-01	   1.3375915e-01	   9.0021979e+01	   1.5000271e+02	   1.0384451e+01	   0.0000000e+00	
   1.6400000e+00	  -5.0001031e-01	   1.2096617e-01	  -9.1446400e-01	   1.2096617e-01	   9.1304913e+01	   1.5018997e+02	   1.0310327e+01	   0.0000000e+00	
   1.6600000e+00	  -5.0001025e-01	   1.0871625e-01	  -9.2312600e-01	   1.0871625e-01	   9.2556959e+01	   1.5035251e+02	   1.0249597e+01	   0.0000000e+00	
   1.6800000e+00	  -5.0001020e-01	   9.7026364e-02	  -9.3139200e-01	   9.7026364e-02	   9.3772252e+01	   1.5049211e+02	   1.0199814e+01	  -2.2204460e-16	
   1.7000000e+00	  -5.0001016e-01	   8.5913474e-02	  -9.3925000e-01	   8.5913474e-02	   9.4945159e+01	   1.5061057e+02	   1.0158994e+01	  -4.4408921e-16	
   1.7200000e+00	  -5.0001013e-01	   7.5394553e-02	  -9.4668800e-01	   7.5394553e-02	   9.6070305e+01	   1.5070978e+02	   1.0125520e+01	   2.2204460e-16	
   1.7400000e+00	  -5.0001010e-01	   6.5486573e-02	  -9.5369400e-01	   6.5486573e-02	   9.7142604e+01	   1.5079162e+02	   1.0098065e+01	  -2.2204460e-16	
   1.7600000e+00	  -5.0001008e-01	   5.6206504e-02	  -9.6025600e-01	   5.6206504e-02	   9.8157270e+01	   1.5085799e+02	   1.0075530e+01	   4.4408921e-16	
   1.7800000e+00	  -5.0001006e-01	   4.7571315e-02	  -9.6636200e-01	   4.7571316e-02	   9.9109822e+01	   1.5091075e+02	   1.0057022e+01	   0.0000000e+00	
   1.8000000e+00	  -5.0001004e-01	   3.9597979e-02	  -9.7200000e-01	   3.9597980e-02	   9.9996081e+01	   1.5095173e+02	   1.0041819e+01	  -6.6613381e-16	
   1.8200000e+00	  -5.0001003e-01	   3.2303466e-02	  -9.7715800e-01	   3.2303466e-02	   1.0081216e+02	   1.5098269e+02	   1.0029312e+01	   0.0000000e+00	
   1.8400000e+00	  -5.0001002e-01	   2.5704745e-02	  -9.8182400e-01	   2.5704746e-02	   1.0155445e+02	   1.5100531e+02	   1.0019026e+01	  -4.4408921e-16	
   1.8600000e+00	  -5.0001001e-01	   1.9818788e-02	  -9.8598600e-01	   1.9818789e-02	   1.0221959e+02	   1.5102115e+02	   1.0010554e+01	  -4.4408921e-16	
   1.8800000e+00	  -5.0001000e-01	   1.4662566e-02	  -9.8963200e-01	   1.4662566e-02	   1.0280448e+02	   1.5103166e+02	   1.0003541e+01	   3.8857806e-16	
   1.9000000e+00	  -5.0001000e-01	   1.0253048e-02	  -9.9275000e-01	   1.0253048e-02	   1.0330619e+02	   1.5103816e+02	   9.9977649e+00	  -1.3877788e-16	
   1.9200000e+00	  -5.0000999e-01	   6.6072053e-03	  -9.9532800e-01	   6.6072058e-03	   1.0372203e+02	   1.5104180e+02	   9.9929744e+00	  -2.7755576e-17	
   1.9400000e+00	  -5.0000999e-01	   3.7420086e-03	  -9.9735400e-01	   3.7420091e-03	   1.0404944e+02	   1.5104356e+02	   9.9889992e+00	   1.6653345e-16	
   1.9600000e+00	  -5.0000999e-01	   1.6744286e-03	  -9.9881600e-01	   1.6744289e-03	   1.0428602e+02	   1.5104422e+02	   9.9856947e+00	   8.7430063e-16	
   1.9800000e+00	  -5.0000998e-01	   4.2143568e-04	  -9.9970200e-01	   4.2143564e-04	   1.0442952e+02	   1.5104437e+02	   9.9829284e+00	   2.6367797e-16	
   2.0000000e+00	  -5.0000998e-01	   6.1748406e-10	  -1.0000000e+00	   0.0000000e+00	   1.0447781e+02	   1.5104439e+02	   9.9806105e+00	  -7.6277040e-16	
   2.0200000e+00	  -5.0000998e-01	   4.2004919e-04	  -1.0000000e+00	   0.0000000e+00	   1.0442968e+02	   1.5104437e+02	   9.9841263e+00	  -8.3266727e-16	
   2.0400000e+00	  -5.0000999e-01	   1.6525031e-03	  -1.0000000e+00	   0.0000000e+00	   1.0428853e+02	   1.5104422e+02	   9.9870018e+00	  -4.2327253e-16	
   2.0600000e+00	  -5.0000999e-01	   3.6326297e-03	  -1.0000000e+00	   0.0000000e+00	   1.0406195e+02	   1.5104360e+02	   9.9893613e+00	   5.5511151e-17	
   2.0800000e+00	  -5.0000999e-01	   6.2674669e-03	  -1.0000000e+00	   0.0000000e+00	   1.0376082e+02	   1.5104206e+02	   9.9912866e+00	   2.4980018e-16	
   2.1000000e+00	  -5.0000999e-01	   9.4400512e-03	  -1.0000000e+00	   0.0000000e+00	   1.0339884e+02	   1.5103911e+02	   9.9928696e+00	  -1.9428903e-16	
   2.1200000e+00	  -5.0000999e-01	   1.3014510e-02	  -1.0000000e+00	   0.0000000e+00	   1.0299183e+02	   1.5103436e+02	   9.9941587e+00	  -5.5511151e-17	
   2.1400000e+00	  -5.0001000e-01	   1.6841796e-02	  -1.0000000e+00	   0.0000000e+00	   1.0255704e+02	   1.5102760e+02	   9.9952184e+00	  -3.3306691e-16	
   2.1600000e+00	  -5.0001000e-01	   2.0765841e-02	  -1.0000000e+00	   0.0000000e+00	   1.0211239e+02	   1.5101888e+02	   9.9960856e+00	  -1.6653345e-16	
   2.1800000e+00	  -5.0001000e-01	   2.4629845e-02	  -1.0000000e+00	   0.0000000e+00	   1.0167571e+02	   1.5100851e+02	   9.9967948e+00	  -5.5511151e-17	
   2.2000000e+00	  -5.0001000e-01	   2.8282478e-02	  -1.0000000e+00	   0.0000000e+00	   1.0126404e+02	   1.5099709e+02	   9.9973738e+00	   0.0000000e+00	
   2.2200000e+00	  -5.0001000e-01	   3.1583754e-02	  -1.0000000e+00	   0.0000000e+00	   1.0089294e+02	   1.5098541e+02	   9.9978511e+00	   0.0000000e+00	
   2.2400000e+00	  -5.0001000e-01	   3.4410326e-02	  -1.0000000e+00	   0.0000000e+00	   1.0057596e+02	   1.5097440e+02	   9.9982401e+00	   0.0000000e+00	
   2.2600000e+00	  -5.0001000e-01	   3.6660028e-02	  -1.0000000e+00	   0.0000000e+00	   1.0032418e+02	   1.5096496e+02	   9.9985617e+00	   1.1102230e-16	
   2.2800000e+00	  -5.0001000e-01	   3.8255483e-02	  -1.0000000e+00	   0.0000000e+00	   1.0014590e+02	   1.5095790e+02	   9.9988202e+00	   1.1102230e-16	
   2.3000000e+00	  -5.0001000e-01	   3.9146673e-02	  -1.0000000e+00	   0.0000000e+00	   1.0004643e+02	   1.5095383e+02	   9.9990355e+00	   2.2204460e-16	
   2.3200000e+00	  -5.0001000e-01	   3.9312368e-02	  -1.0000000e+00	   0.0000000e+00	   1.0002794e+02	   1.5095306e+02	   9.9992086e+00	   0.0000000e+00	
   2.3400000e+00	  -5.0001000e-01	   3.8760393e-02	  -1.0000000e+00	   0.0000000e+00	   1.0008954e+02	   1.5095561e+02	   9.9993511e+00	   0.0000000e+00	
   2.3600000e+00	  -5.0001000e-01	   3.7526746e-02	  -1.0000000e+00	   0.0000000e+00	   1.0022730e+02	   1.5096116e+02	   9.9994679e+00	  -2.2204460e-16	
   2.3800000e+00	  -5.0001000e-01	   3.5673618e-02	  -1.0000000e+00	   0.0000000e+00	   1.0043452e+02	   1.5096917e+02	   9.9995649e+00	  -1.1102230e-16	
   2.4000000e+00	  -5.0001000e-01	   3.3286419e-02	  -1.0000000e+00	   0.0000000e+00	   1.0070191e+02	   1.5097889e+02	   9.9996471e+00	   1.1102230e-16	
   2.4200000e+00	  -5.0001000e-01	   3.0469951e-02	  -1.0000000e+00	   0.0000000e+00	   1.0101804e+02	   1.5098949e+02	   9.9997109e+00	  -3.3306691e-16	
   2.4400000e+00	  -5.0001000e-01	   2.7343882e-02	  -1.0000000e+00	   0.0000000e+00	   1.0136972e+02	   1.5100017e+02	   9.9997614e+00	   1.1102230e-16	
   2.4600000e+00	  -5.0001000e-01	   2.4037731e-02	  -1.0000000e+00	   0.0000000e+00	   1.0174255e+02	   1.5101021e+02	   9.9998041e+00	  -1.1102230e-16	
   2.4800000e+00	  -5.0001000e-01	   2.0685562e-02	  -1.0000000e+00	   0.0000000e+00	   1.0212147e+02	   1.5101907e+02	   9.9998421e+00	   3.3306691e-16	
   2.5000000e+00	  -5.0001000e-01	   1.7420593e-02	  -1.0000000e+00	   0.0000000e+00	   1.0249138e+02	   1.5102643e+02	   9.9998702e+00	  -3.3306691e-16	
   2.5200000e+00	  -5.0001000e-01	   1.4369972e-02	  -1.0000000e+00	   0.0000000e+00	   1.0283773e+02	   1.5103217e+02	   9.9998946e+00	  -1.1102230e-16	
   2.5400000e+00	  -5.0001000e-01	   1.1649865e-02	  -1.0000000e+00	   0.0000000e+00	   1.0314711e+02	   1.5103635e+02	   9.9999105e+00	   4.4408921e-16	
   2.5600000e+00	  -5.0001000e-01	   9.3610934e-03	  -1.0000000e+00	   0.0000000e+00	   1.0340785e+02	   1.5103920e+02	   9.9999259e+00	   3.6082248e-16	
   2.5800000e+00	  -5.0001000e-01	   7.5854547e-03	  -1.0000000e+00	   0.0000000e+00	   1.0361037e+02	   1.5104098e+02	   9.9999407e+00	   2.7755576e-16	
   2.6000000e+00	  -5.0001000e-01	   6.3828744e-03	  -1.0000000e+00	   0.0000000e+00	   1.0374764e+02	   1.5104197e+02	   9.9999524e+00	  -3.0531133e-16	
   2.6200000e+00	  -5.0001000e-01	   5.7894720e-03	  -1.0000000e+00	   0.0000000e+00	   1.0381542e+02	   1.5104240e+02	   9.9999616e+00	  -1.1102230e-16	
   2.6400000e+00	  -5.0001000e-01	   5.8166072e-03	  -1.0000000e+00	   0.0000000e+00	   1.0381232e+02	   1.5104238e+02	   9.9999698e+00	   3.0531133e-16	
   2.6600000e+00	  -5.0001000e-01	   6.4509213e-03	  -1.0000000e+00	   0.0000000e+00	   1.0373987e+02	   1.5104192e+02	   9.9999723e+00	  -1.9428903e-16	
   2.6800000e+00	  -5.0001000e-01	   7.6553546e-03	  -1.0000000e+00	   0.0000000e+00	   1.0360239e+02	   1.5104092e+02	   9.9999780e+00	   1.1102230e-16	
   2.7000000e+00	  -5.0001000e-01	   9.3710780e-03	  -1.0000000e+00	   0.0000000e+00	   1.0340671e+02	   1.5103919e+02	   9.9999841e+00	   4.7184479e-16	
   2.7200000e+00	  -5.0001000e-01	   1.1520246e-02	  -1.0000000e+00	   0.0000000e+00	   1.0316187e+02	   1.5103653e+02	   9.9999873e+00	   1.9428903e-16	
   2.7400000e+00	  -5.0001000e-01	   1.4009447e-02	  -1.0000000e+00	   0.0000000e+00	   1.0287870e+02	   1.5103277e+02	   9.9999906e+00	  -1.6653345e-16	
   2.7600000e+00	  -5.0001000e-01	   1.6733695e-02	  -1.0000000e+00	   0.0000000e+00	   1.0256930e+02	   1.5102782e+02	   9.9999886e+00	  -4.4408921e-16	
   2.7800000e+00	  -5.0001000e-01	   1.9580804e-02	  -1.0000000e+00	   0.0000000e+00	   1.0224654e+02	   1.5102170e+02	   9.9999921e+00	   3.3306691e-16	
   2.8000000e+00	  -5.0001000e-01	   2.2435975e-02	  -1.0000000e+00	   0.0000000e+00	   1.0192350e+02	   1.5101461e+02	   9.9999929e+00	   1.6653345e-16	
   2.8200000e+00	  -5.0001000e-01	   2.5186346e-02	  -1.0000000e+00	   0.0000000e+00	   1.0161292e+02	   1.5100687e+02	   9.9999950e+00	   0.0000000e+00	
   2.8400000e+00	  -5.0001000e-01	   2.7725434e-02	  -1.0000000e+00	   0.0000000e+00	   1.0132675e+02	   1.5099893e+02	   9.9999959e+00	   3.3306691e-16	
   2.8600000e+00	  -5.0001000e-01	   2.9957200e-02	  -1.0000000e+00	   0.0000000e+00	   1.0107566e+02	   1.5099132e+02	   9.9999965e+00	   0.0000000e+00	
   2.8800000e+00	  -5.0001000e-01	   3.1799643e-02	  -1.0000000e+00	   0.0000000e+00	   1.0086870e+02	   1.5098460e+02	   9.9999968e+00	   0.0000000e+00	
   2.9000000e+00	  -5.0001000e-01	   3.3187747e-02	  -1.0000000e+00	   0.0000000e+00	   1.0071297e+02	   1.5097928e+02	   9.9999970e+00	  -1.1102230e-16	
   2.9200000e+00	  -5.0001000e-01	   3.4075719e-02	  -1.0000000e+00	   0.0000000e+00	   1.0061344e+02	   1.5097575e+02	   9.9999980e+00	  -1.1102230e-16	
   2.9400000e+00	  -5.0001000e-01	   3.4438415e-02	  -1.0000000e+00	   0.0000000e+00	   1.0057281e+02	   1.5097428e+02	   9.9999977e+00	  -1.1102230e-16	
   2.9600000e+00	  -5.0001000e-01	   3.4271918e-02	  -1.0000000e+00	   0.0000000e+00	   1.0059146e+02	   1.5097496e+02	   9.9999995e+00	  -1.1102230e-16	
   2.9800000e+00	  -5.0001000e-01	   3.3593280e-02	  -1.0000000e+00	   0.0000000e+00	   1.0066751e+02	   1.5097768e+02	   9.9999986e+00	  -2.2204460e-16	
   3.0000000e+00	  -5.0001000e-01	   3.2439429e-02	  -1.0000000e+00	   0.0000000e+00	   1.0079690e+02	   1.5098218e+02	   9.9999987e+00	   1.1102230e-16	
